2.676604515297707353e-04
1.012858752583194058e-03
3.396028458617958001e-03
1.008907877457124354e-02
2.655763889156914984e-02
6.194199179505577996e-02
1.280084466863099235e-01
2.343958107501010468e-01
3.802934275039216994e-01
5.466955645250268780e-01
6.963539404642240527e-01
7.859090340662167051e-01
7.859090340662167051e-01
6.963539404642242747e-01
5.466955645250268780e-01
3.802934275039216994e-01
2.343958107501010468e-01
1.280084466863100345e-01
6.194199179505589098e-02
2.655763889156914984e-02
1.008907877457124354e-02
3.396028458617961036e-03
1.012858752583194058e-03
2.676604515297707353e-04
2.676604515297707353e-04
1.012858752583194058e-03
3.396028458617958001e-03
1.008907877457124354e-02
2.655763889156914984e-02
6.194199179505577996e-02
1.280084466863099235e-01
2.343958107501010468e-01
3.802934275039216994e-01
5.466955645250268780e-01
6.963539404642240527e-01
7.859090340662167051e-01
7.859090340662167051e-01
6.963539404642242747e-01
5.466955645250268780e-01
3.802934275039216994e-01
2.343958107501010468e-01
1.280084466863100345e-01
6.194199179505589098e-02
2.655763889156914984e-02
1.008907877457124354e-02
3.396028458617961036e-03
1.012858752583194058e-03
2.676604515297707353e-04
2.676604515297707353e-04
1.012858752583194058e-03
3.396028458617958001e-03
1.008907877457124354e-02
2.655763889156914984e-02
6.194199179505577996e-02
1.280084466863099235e-01
2.343958107501010468e-01
3.802934275039216994e-01
5.466955645250268780e-01
6.963539404642240527e-01
7.859090340662167051e-01
7.859090340662167051e-01
6.963539404642242747e-01
5.466955645250268780e-01
3.802934275039216994e-01
2.343958107501010468e-01
1.280084466863100345e-01
6.194199179505589098e-02
2.655763889156914984e-02
1.008907877457124354e-02
3.396028458617961036e-03
1.012858752583194058e-03
2.676604515297707353e-04
2.676604515297707353e-04
1.012858752583194058e-03
3.396028458617958001e-03
1.008907877457124354e-02
2.655763889156914984e-02
6.194199179505577996e-02
1.280084466863099235e-01
2.343958107501010468e-01
3.802934275039216994e-01
5.466955645250268780e-01
6.963539404642240527e-01
7.859090340662167051e-01
7.859090340662167051e-01
6.963539404642242747e-01
5.466955645250268780e-01
3.802934275039216994e-01
2.343958107501010468e-01
1.280084466863100345e-01
6.194199179505589098e-02
2.655763889156914984e-02
1.008907877457124354e-02
3.396028458617961036e-03
1.012858752583194058e-03
2.676604515297707353e-04
2.676604515297707353e-04
1.012858752583194058e-03
3.396028458617958001e-03
1.008907877457124354e-02
2.655763889156914984e-02
6.194199179505577996e-02
1.280084466863099235e-01
2.343958107501010468e-01
3.802934275039216994e-01
5.466955645250268780e-01
6.963539404642240527e-01
7.859090340662167051e-01
7.859090340662167051e-01
6.963539404642242747e-01
5.466955645250268780e-01
3.802934275039216994e-01
2.343958107501010468e-01
1.280084466863100345e-01
6.194199179505589098e-02
2.655763889156914984e-02
1.008907877457124354e-02
3.396028458617961036e-03
1.012858752583194058e-03
2.676604515297707353e-04
2.676604515297707353e-04
1.012858752583194058e-03
3.396028458617958001e-03
1.008907877457124354e-02
2.655763889156914984e-02
6.194199179505577996e-02
1.280084466863099235e-01
2.343958107501010468e-01
3.802934275039216994e-01
5.466955645250268780e-01
6.963539404642240527e-01
7.859090340662167051e-01
7.859090340662167051e-01
6.963539404642242747e-01
5.466955645250268780e-01
3.802934275039216994e-01
2.343958107501010468e-01
1.280084466863100345e-01
6.194199179505589098e-02
2.655763889156914984e-02
1.008907877457124354e-02
3.396028458617961036e-03
1.012858752583194058e-03
2.676604515297707353e-04
2.676604515297707353e-04
1.012858752583194058e-03
3.396028458617958001e-03
1.008907877457124354e-02
2.655763889156914984e-02
6.194199179505577996e-02
1.280084466863099235e-01
2.343958107501010468e-01
3.802934275039216994e-01
5.466955645250268780e-01
6.963539404642240527e-01
7.859090340662167051e-01
7.859090340662167051e-01
6.963539404642242747e-01
5.466955645250268780e-01
3.802934275039216994e-01
2.343958107501010468e-01
1.280084466863100345e-01
6.194199179505589098e-02
2.655763889156914984e-02
1.008907877457124354e-02
3.396028458617961036e-03
1.012858752583194058e-03
2.676604515297707353e-04
2.676604515297707353e-04
1.012858752583194058e-03
3.396028458617958001e-03
1.008907877457124354e-02
2.655763889156914984e-02
6.194199179505577996e-02
1.280084466863099235e-01
2.343958107501010468e-01
3.802934275039216994e-01
5.466955645250268780e-01
6.963539404642240527e-01
7.859090340662167051e-01
7.859090340662167051e-01
6.963539404642242747e-01
5.466955645250268780e-01
3.802934275039216994e-01
2.343958107501010468e-01
1.280084466863100345e-01
6.194199179505589098e-02
2.655763889156914984e-02
1.008907877457124354e-02
3.396028458617961036e-03
1.012858752583194058e-03
2.676604515297707353e-04
2.676604515297707353e-04
1.012858752583194058e-03
3.396028458617958001e-03
1.008907877457124354e-02
2.655763889156914984e-02
6.194199179505577996e-02
1.280084466863099235e-01
2.343958107501010468e-01
3.802934275039216994e-01
5.466955645250268780e-01
6.963539404642240527e-01
7.859090340662167051e-01
7.859090340662167051e-01
6.963539404642242747e-01
5.466955645250268780e-01
3.802934275039216994e-01
2.343958107501010468e-01
1.280084466863100345e-01
6.194199179505589098e-02
2.655763889156914984e-02
1.008907877457124354e-02
3.396028458617961036e-03
1.012858752583194058e-03
2.676604515297707353e-04
2.676604515297707353e-04
1.012858752583194058e-03
3.396028458617958001e-03
1.008907877457124354e-02
2.655763889156914984e-02
6.194199179505577996e-02
1.280084466863099235e-01
2.343958107501010468e-01
3.802934275039216994e-01
5.466955645250268780e-01
6.963539404642240527e-01
7.859090340662167051e-01
7.859090340662167051e-01
6.963539404642242747e-01
5.466955645250268780e-01
3.802934275039216994e-01
2.343958107501010468e-01
1.280084466863100345e-01
6.194199179505589098e-02
2.655763889156914984e-02
1.008907877457124354e-02
3.396028458617961036e-03
1.012858752583194058e-03
2.676604515297707353e-04
2.676604515297707353e-04
1.012858752583194058e-03
3.396028458617958001e-03
1.008907877457124354e-02
2.655763889156914984e-02
6.194199179505577996e-02
1.280084466863099235e-01
2.343958107501010468e-01
3.802934275039216994e-01
5.466955645250268780e-01
6.963539404642240527e-01
7.859090340662167051e-01
7.859090340662167051e-01
6.963539404642242747e-01
5.466955645250268780e-01
3.802934275039216994e-01
2.343958107501010468e-01
1.280084466863100345e-01
6.194199179505589098e-02
2.655763889156914984e-02
1.008907877457124354e-02
3.396028458617961036e-03
1.012858752583194058e-03
2.676604515297707353e-04
2.676604515297707353e-04
1.012858752583194058e-03
3.396028458617958001e-03
1.008907877457124354e-02
2.655763889156914984e-02
6.194199179505577996e-02
1.280084466863099235e-01
2.343958107501010468e-01
3.802934275039216994e-01
5.466955645250268780e-01
6.963539404642240527e-01
7.859090340662167051e-01
7.859090340662167051e-01
6.963539404642242747e-01
5.466955645250268780e-01
3.802934275039216994e-01
2.343958107501010468e-01
1.280084466863100345e-01
6.194199179505589098e-02
2.655763889156914984e-02
1.008907877457124354e-02
3.396028458617961036e-03
1.012858752583194058e-03
2.676604515297707353e-04
2.676604515297707353e-04
1.012858752583194058e-03
3.396028458617958001e-03
1.008907877457124354e-02
2.655763889156914984e-02
6.194199179505577996e-02
1.280084466863099235e-01
2.343958107501010468e-01
3.802934275039216994e-01
5.466955645250268780e-01
6.963539404642240527e-01
7.859090340662167051e-01
7.859090340662167051e-01
6.963539404642242747e-01
5.466955645250268780e-01
3.802934275039216994e-01
2.343958107501010468e-01
1.280084466863100345e-01
6.194199179505589098e-02
2.655763889156914984e-02
1.008907877457124354e-02
3.396028458617961036e-03
1.012858752583194058e-03
2.676604515297707353e-04
2.676604515297707353e-04
1.012858752583194058e-03
3.396028458617958001e-03
1.008907877457124354e-02
2.655763889156914984e-02
6.194199179505577996e-02
1.280084466863099235e-01
2.343958107501010468e-01
3.802934275039216994e-01
5.466955645250268780e-01
6.963539404642240527e-01
7.859090340662167051e-01
7.859090340662167051e-01
6.963539404642242747e-01
5.466955645250268780e-01
3.802934275039216994e-01
2.343958107501010468e-01
1.280084466863100345e-01
6.194199179505589098e-02
2.655763889156914984e-02
1.008907877457124354e-02
3.396028458617961036e-03
1.012858752583194058e-03
2.676604515297707353e-04
2.676604515297707353e-04
1.012858752583194058e-03
3.396028458617958001e-03
1.008907877457124354e-02
2.655763889156914984e-02
6.194199179505577996e-02
1.280084466863099235e-01
2.343958107501010468e-01
3.802934275039216994e-01
5.466955645250268780e-01
6.963539404642240527e-01
7.859090340662167051e-01
7.859090340662167051e-01
6.963539404642242747e-01
5.466955645250268780e-01
3.802934275039216994e-01
2.343958107501010468e-01
1.280084466863100345e-01
6.194199179505589098e-02
2.655763889156914984e-02
1.008907877457124354e-02
3.396028458617961036e-03
1.012858752583194058e-03
2.676604515297707353e-04
2.676604515297707353e-04
1.012858752583194058e-03
3.396028458617958001e-03
1.008907877457124354e-02
2.655763889156914984e-02
6.194199179505577996e-02
1.280084466863099235e-01
2.343958107501010468e-01
3.802934275039216994e-01
5.466955645250268780e-01
6.963539404642240527e-01
7.859090340662167051e-01
7.859090340662167051e-01
6.963539404642242747e-01
5.466955645250268780e-01
3.802934275039216994e-01
2.343958107501010468e-01
1.280084466863100345e-01
6.194199179505589098e-02
2.655763889156914984e-02
1.008907877457124354e-02
3.396028458617961036e-03
1.012858752583194058e-03
2.676604515297707353e-04
2.676604515297707353e-04
1.012858752583194058e-03
3.396028458617958001e-03
1.008907877457124354e-02
2.655763889156914984e-02
6.194199179505577996e-02
1.280084466863099235e-01
2.343958107501010468e-01
3.802934275039216994e-01
5.466955645250268780e-01
6.963539404642240527e-01
7.859090340662167051e-01
7.859090340662167051e-01
6.963539404642242747e-01
5.466955645250268780e-01
3.802934275039216994e-01
2.343958107501010468e-01
1.280084466863100345e-01
6.194199179505589098e-02
2.655763889156914984e-02
1.008907877457124354e-02
3.396028458617961036e-03
1.012858752583194058e-03
2.676604515297707353e-04
2.676604515297707353e-04
1.012858752583194058e-03
3.396028458617958001e-03
1.008907877457124354e-02
2.655763889156914984e-02
6.194199179505577996e-02
1.280084466863099235e-01
2.343958107501010468e-01
3.802934275039216994e-01
5.466955645250268780e-01
6.963539404642240527e-01
7.859090340662167051e-01
7.859090340662167051e-01
6.963539404642242747e-01
5.466955645250268780e-01
3.802934275039216994e-01
2.343958107501010468e-01
1.280084466863100345e-01
6.194199179505589098e-02
2.655763889156914984e-02
1.008907877457124354e-02
3.396028458617961036e-03
1.012858752583194058e-03
2.676604515297707353e-04
2.676604515297707353e-04
1.012858752583194058e-03
3.396028458617958001e-03
1.008907877457124354e-02
2.655763889156914984e-02
6.194199179505577996e-02
1.280084466863099235e-01
2.343958107501010468e-01
3.802934275039216994e-01
5.466955645250268780e-01
6.963539404642240527e-01
7.859090340662167051e-01
7.859090340662167051e-01
6.963539404642242747e-01
5.466955645250268780e-01
3.802934275039216994e-01
2.343958107501010468e-01
1.280084466863100345e-01
6.194199179505589098e-02
2.655763889156914984e-02
1.008907877457124354e-02
3.396028458617961036e-03
1.012858752583194058e-03
2.676604515297707353e-04
2.676604515297707353e-04
1.012858752583194058e-03
3.396028458617958001e-03
1.008907877457124354e-02
2.655763889156914984e-02
6.194199179505577996e-02
1.280084466863099235e-01
2.343958107501010468e-01
3.802934275039216994e-01
5.466955645250268780e-01
6.963539404642240527e-01
7.859090340662167051e-01
7.859090340662167051e-01
6.963539404642242747e-01
5.466955645250268780e-01
3.802934275039216994e-01
2.343958107501010468e-01
1.280084466863100345e-01
6.194199179505589098e-02
2.655763889156914984e-02
1.008907877457124354e-02
3.396028458617961036e-03
1.012858752583194058e-03
2.676604515297707353e-04
